1	97	55	8	795
1.3	80	55	6.9	787
1.6	15	55	7.3	702.1
1.5	40	55	7.4	668
1.6	15	55	7.5	668
2	48	55	8	666
4	24	55	7	655
3.45	40	55	6.6	647
2.9	15	55	6.95	641
2	12	55	7.3	632
1.75	50	55	6.9	628
1.5	25	55	7.4	620
1.6	15	55	7.5	607.2
2	47	55	7.5	603
3	32	55	8	601
1.6	15	55	7	600.3
2.3	15	55	7.7	598.4
1	93	55	7.4	597
1.05	20	36	6.5	583
1.1	40	37	7.05	568
1.6	15	55	7.6	567.9
2.7	9	55	6.9	554.8
1.2	24	55	7.2	546
2	40	55	7.24	541
2.9	15	55	7.37	536
3	31	55	7.5	536
1.6	15	55	7.4	533.7
3	102	38	7.32	520
2	40	38	7.24	508
8.3	10	37	7.5	506
3.5	15	35	7.2	490
3	50	35	7.56	490
3	50	35	7.73	490
2	40	38	7.29	487
4	40	38	7.03	483
4.7	40	37	7.415	480
4.1	20	37	7.8	479
0.2	40	36	7.385	470
4	26	38	6.97	467
4.1	20	37	7.7	466
3.1	15	35	7.2	462
1	24	36	7.2	454
8.1	10	37	7.4	453
6.2	15	37	7.6	452
4	20	37	7.6	450
4	20	37	7.6	448.9
1	40	37	7.4	447
3	30	35	7.4	440
4	26	38	7.08	439
2	40	38	7.25	431
4	20	37	7.5	425
3	30	35	7.37	420
1.7	30	37	7.5	420
6.1	15	37	7.5	419
2	40	38	7.34	417
4	20	37	7.22	413.4
4	26	38	6.94	400
0.8	30	34	7.5	398
1.4	25	36	7.2	398
4	26	38	7.17	396
1.9	22	37	7.8	395
6.1	15	37	7.3	392
3	88	38	7.3	390
2.2	101	38	7.4	390
12	40	35	7.3	388
1.7	20	37	7.5	383
2	25	55	7.5	380
8.1	10	37	7.2	376
1.8	29.4	35	7.4	368.2
2.2	24.1	35	7.4	365.6
2.4	50	37	7.215	365
4	20	37	7.03	360
1.8	20	37	7.77	354
	20	50	7.91	351
1.96	10	37	7.6	349
8	50	35	7.2	347
2	40	38	7.24	346
4	23	55	6.5	345
2.3	30	35	7.9	340
2	15	35	7.2	337.26
2	24	36	7.3	333
2	27	35	7.55	330
2	26	35	7.8	330
2	25	35	7.8	330
2	26	35	7.8	330
2	40	38	7.39	325
1.7	25	36	7.4	324
2.4	50	37	7.4	322
1.2	30	35	7.4	320
15	20	35	7.1	317
1.7	60	37	7.2	316
1.3	20	37	7.3	311
2	26	35	7.3	310
4	26	38	7.3	304
2.4	50	37	7.5	301
2	20	37	7.7	301
3	39	35	7.9	300
3	28	35	7.8	300
2	27	35	7.85	300
2.3	30	35	7.9	300
1.2	20	55	7.5	300
1.7	20	37	7.255	300
4	20	37	7.01	296
2.48	10	37	7.7	293
1.6	26	36	7.3	292
0.8	20	37	7.55	290
2.92	10	37	7.8	288
1.5	35.4	35	7.3	280.6
3	39	35	7.8	280
2.1	20	56	7.5	277
10	20	35	7	277
2.7	24	37	8.57	274.34
2	40	38	7.3	273
2	40	38	7.24	273
1	49.6	35	7.6	273
1.5	40	35	7.6	270.4
2	20	35	7.4	270
2	18	35	7.32	270
1.7	20	37	7.085	270
2.3	30	37	6.85	268.45
1.7	30	37	6.95	265.5
2	16	37	7	265
2	40	35	7.175	264.4
2	40	38	7.35	262
2.3	30	35	7.9	260
1.2	20	56	7.4	260
2	40	38	7.4	257
1.1	30	37	7.05	255
2.4	50	37	7.475	251
2.67	10	37	7.9	251
2	20	35	7.5	250
2	20	37	7.1	246.318
2.85	10	37	7.7	245
1.9	20	55	7.3	243
2	39	35	7.3	240
5.2	40	37	7.4	240
2.7	25	37	6.95	239.4
2.35	40	35	6.95	235
2	24	37	7.4	234
4	26	38	7.18	233
2.2	10	37	7.955	232
3	20	35	7.955	230
2	39	35	7.4	230
2.5	39	37	7.4	229
2	20	35	7.4	229
2.2	10	37	7.846666667	229
4	26	38	7.3	222
2	20	35	7.3	220
1	16	37	7	220
1.5	30	53	8.04	218
2	20	49	7.7	217
1.6	20	37	7.7	215
1.2	10	37	7.4	215
1.6	20	49	7.71	214
1.2	20	37	7.815	214
2.2	10	37	7.92	212
1.8	40	35	7.96	211.2
2.2	10	37	8	211
7.2	16.7	37	8	210
2	39	35	7.4	210
1.7	20	35	7.76	210
1.2	10	37	7.61	210
2	28	35	7.46	210
3.4	20	37	6.85	209
3.2	24	37	8.36	208.74
1.3	33	38	8.36	208
1.5	40	35	7.4	207.5
2.2	10	37	8.56	202
2	20	35	7.4	200
4	30	35	7.8	200
0.8	30	34	7.4	200
1	49.8	35	6.8	198
0.7	16	37	8	197
3	15	33	8	197
4	18	37	7.4	194
1.8	30	25	7	192
4	20	35	7	190
5.5	40	37	7.4	190
0.5	99.6	35	7	186.6
2.6	30	37	7.7	185
3	30	35	7.7	181
2	20	35	7.4	180
7.2	16.7	37	7.3	180
1.8	30	36	7.3	180
2	25	35	7.3	179.9757
2	26	37	7.4	178
2	20	37	7.3	177.8042
3	20	35	7.3	174
2.5	20	37	7.1	173.9025
0.5	104.3	35	7.4	172.9
1.5	28	38	7.4	168
2.5	20	37	7.4	167.356
		37	7.4	167
2	20	37	7.4	166.725
4	20	37	7.05	165.4
1.5	33.2	35	7.05	162.4
3	25	35	7.4	162.208
0.8	20	37	6.9	160
0.8	25	36	6.9	158
1.8	30	25	7.1	154
3.7	24	37	8.32	150.87
1.8	30	25	7.2	149
2	20	35	7.5	149
4	20	37	7.13	149
0.8	18	37	7.13	145
2	25	35	7.4	144.716
1.1	30	34	7.3	144
1.6	20	37	7.15	141
1.8	30	25	7	141
4.2	20	37	6.85	140.4
2	20	35	6.85	140
2.3	40	35	7.4	139.5
18	20	35	4.3	139
1.9	22	38	5.6	134
2.2	22.6	35	7.05	133.5
3	25	35	7.4	131.0125
5.7	40	37	6.9	130
1.8	30	25	6.9	129
1.8	30	25	7.1	128
1.8	27.7	35	8.32	124.6
2.5	20	37	7.3	124.3964
1.8	30	25	7.2	124
1.8	30	25	7.1	122
5	27	33	4.3	119
3	20	37	5.75	117.7936
4	30	37	7.2	112
1.5	30	37	4.3	112
1	25	37	5.9	112
0.9	30	34	7.5	112
1.8	30	25	7.3	108
1.6	35	37	7.2	107
1.8	30	25	4.3	107
3.8	20	55	5.6	105.91
1.8	30	25	6.9	104
1.8	30	25	7.1	98
12	20	35	4	96
1	25	37	6.1	94.2
1.8	30	25	6.9	93
6	25	37	4	90
5.6	15	37	4.3	85
1.8	30	25	5.85	79
3	20	37	7.4	78.1138
3.2	22	37	4	78
1.3	15	35	5.5	76
2.4	17	37	5.5	75
1	25	37	6	69.9
3	20	37	7.6	61.9674
0.2	40	36	5.5	60
4	20	37	7.02	49
1	25	37	6.3	47.5
3	20	20	7	42
1.2	30	35	5.3	40
3	30	20	7	39
3	30	10	6.4	20
3	20	10	6.4	20
1.8	30	25	5	15
7	19	37	5.5	14
2	32	35	4	10
2	23	35	4	10
2	34	35	7	10
3	18	35	7.07	6
